11.jpg 1 2 3 4 5 6 7 8 9 10
12.jpg 1 2 3 4 5 6 7 8 9 10
13.jpg 1 2 3 4 5 6 7 8 9 10
14.jpg 1 2 3 4 5 6 7 8 9 10
15.jpg 1 2 3 4 5 6 7 8 9 10
16.jpg 1 2 3 4 5 6 7 8 9 10
17.jpg 1 2 3 4 5 6 7 8 9 10
18.jpg 1 2 3 4 5 6 7 8 9 10
19.jpg 1 2 3 4 5 6 7 8 9 10
20.jpg 1 2 3 4 5 6 7 8 9 10
21.jpg 1 2 3 4 5 6 7 8 9 10
22.jpg 1 2 3 4 5 6 7 8 9 10
23.jpg 1 2 3 4 5 6 7 8 9 10
24.jpg 1 2 3 4 5 6 7 8 9 10
25.jpg 1 2 3 4 5 6 7 8 9 10
26.jpg 1 2 3 4 5 6 7 8 9 10
27.jpg 1 2 3 4 5 6 7 8 9 10
28.jpg 1 2 3 4 5 6 7 8 9 10
29.jpg 1 2 3 4 5 6 7 8 9 10
30.jpg 1 2 3 4 5 6 7 8 9 10
31.jpg 1 2 3 4 5 6 7 8 9 10
32.jpg 1 2 3 4 5 6 7 8 9 10
33.jpg 1 2 3 4 5 6 7 8 9 10
34.jpg 1 2 3 4 5 6 7 8 9 10
35.jpg 1 2 3 4 5 6 7 8 9 10
36.jpg 1 2 3 4 5 6 7 8 9 10
37.jpg 1 2 3 4 5 6 7 8 9 10
38.jpg 1 2 3 4 5 6 7 8 9 10
39.jpg 1 2 3 4 5 6 7 8 9 10
40.jpg 1 2 3 4 5 6 7 8 9 10
41.jpg 1 2 3 4 5 6 7 8 9 10
42.jpg 1 2 3 4 5 6 7 8 9 10
43.jpg 1 2 3 4 5 6 7 8 9 10
44.jpg 1 2 3 4 5 6 7 8 9 10
45.jpg 1 2 3 4 5 6 7 8 9 10
46.jpg 1 2 3 4 5 6 7 8 9 10
47.jpg 1 2 3 4 5 6 7 8 9 10
48.jpg 1 2 3 4 5 6 7 8 9 10
49.jpg 1 2 3 4 5 6 7 8 9 10
50.jpg 1 2 3 4 5 6 7 8 9 10
51.jpg 1 2 3 4 5 6 7 8 9 10
52.jpg 1 2 3 4 5 6 7 8 9 10
53.jpg 1 2 3 4 5 6 7 8 9 10
54.jpg 1 2 3 4 5 6 7 8 9 10
55.jpg 1 2 3 4 5 6 7 8 9 10
56.jpg 1 2 3 4 5 6 7 8 9 10
57.jpg 1 2 3 4 5 6 7 8 9 10
58.jpg 1 2 3 4 5 6 7 8 9 10
59.jpg 1 2 3 4 5 6 7 8 9 10
60.jpg 1 2 3 4 5 6 7 8 9 10
61.jpg 1 2 3 4 5 6 7 8 9 10
62.jpg 1 2 3 4 5 6 7 8 9 10
63.jpg 1 2 3 4 5 6 7 8 9 10
64.jpg 1 2 3 4 5 6 7 8 9 10
65.jpg 1 2 3 4 5 6 7 8 9 10
66.jpg 1 2 3 4 5 6 7 8 9 10
67.jpg 1 2 3 4 5 6 7 8 9 10
68.jpg 1 2 3 4 5 6 7 8 9 10
69.jpg 1 2 3 4 5 6 7 8 9 10
70.jpg 1 2 3 4 5 6 7 8 9 10
71.jpg 1 2 3 4 5 6 7 8 9 10
72.jpg 1 2 3 4 5 6 7 8 9 10
73.jpg 1 2 3 4 5 6 7 8 9 10
74.jpg 1 2 3 4 5 6 7 8 9 10
75.jpg 1 2 3 4 5 6 7 8 9 10
76.jpg 1 2 3 4 5 6 7 8 9 10
77.jpg 1 2 3 4 5 6 7 8 9 10
78.jpg 1 2 3 4 5 6 7 8 9 10
79.jpg 1 2 3 4 5 6 7 8 9 10
80.jpg 1 2 3 4 5 6 7 8 9 10
81.jpg 1 2 3 4 5 6 7 8 9 10
82.jpg 1 2 3 4 5 6 7 8 9 10
83.jpg 1 2 3 4 5 6 7 8 9 10
84.jpg 1 2 3 4 5 6 7 8 9 10
85.jpg 1 2 3 4 5 6 7 8 9 10
86.jpg 1 2 3 4 5 6 7 8 9 10
87.jpg 1 2 3 4 5 6 7 8 9 10
88.jpg 1 2 3 4 5 6 7 8 9 10
89.jpg 1 2 3 4 5 6 7 8 9 10
90.jpg 1 2 3 4 5 6 7 8 9 10
91.jpg 1 2 3 4 5 6 7 8 9 10
92.jpg 1 2 3 4 5 6 7 8 9 10
93.jpg 1 2 3 4 5 6 7 8 9 10
94.jpg 1 2 3 4 5 6 7 8 9 10
95.jpg 1 2 3 4 5 6 7 8 9 10
96.jpg 1 2 3 4 5 6 7 8 9 10
97.jpg 1 2 3 4 5 6 7 8 9 10
98.jpg 1 2 3 4 5 6 7 8 9 10
99.jpg 1 2 3 4 5 6 7 8 9 10
100.jpg 1 2 3 4 5 6 7 8 9 10
101.jpg 1 2 3 4 5 6 7 8 9 10
102.jpg 1 2 3 4 5 6 7 8 9 10
103.jpg 1 2 3 4 5 6 7 8 9 10
104.jpg 1 2 3 4 5 6 7 8 9 10
105.jpg 1 2 3 4 5 6 7 8 9 10
106.jpg 1 2 3 4 5 6 7 8 9 10
107.jpg 1 2 3 4 5 6 7 8 9 10
108.jpg 1 2 3 4 5 6 7 8 9 10
109.jpg 1 2 3 4 5 6 7 8 9 10
110.jpg 1 2 3 4 5 6 7 8 9 10
111.jpg 1 2 3 4 5 6 7 8 9 10
112.jpg 1 2 3 4 5 6 7 8 9 10
113.jpg 1 2 3 4 5 6 7 8 9 10
114.jpg 1 2 3 4 5 6 7 8 9 10
115.jpg 1 2 3 4 5 6 7 8 9 10
116.jpg 1 2 3 4 5 6 7 8 9 10
117.jpg 1 2 3 4 5 6 7 8 9 10
118.jpg 1 2 3 4 5 6 7 8 9 10
119.jpg 1 2 3 4 5 6 7 8 9 10
120.jpg 1 2 3 4 5 6 7 8 9 10
121.jpg 1 2 3 4 5 6 7 8 9 10
122.jpg 1 2 3 4 5 6 7 8 9 10
123.jpg 1 2 3 4 5 6 7 8 9 10
124.jpg 1 2 3 4 5 6 7 8 9 10
125.jpg 1 2 3 4 5 6 7 8 9 10
126.jpg 1 2 3 4 5 6 7 8 9 10
127.jpg 1 2 3 4 5 6 7 8 9 10
128.jpg 1 2 3 4 5 6 7 8 9 10
129.jpg 1 2 3 4 5 6 7 8 9 10
130.jpg 1 2 3 4 5 6 7 8 9 10
131.jpg 1 2 3 4 5 6 7 8 9 10
132.jpg 1 2 3 4 5 6 7 8 9 10
133.jpg 1 2 3 4 5 6 7 8 9 10
134.jpg 1 2 3 4 5 6 7 8 9 10
135.jpg 1 2 3 4 5 6 7 8 9 10
136.jpg 1 2 3 4 5 6 7 8 9 10
137.jpg 1 2 3 4 5 6 7 8 9 10
138.jpg 1 2 3 4 5 6 7 8 9 10
139.jpg 1 2 3 4 5 6 7 8 9 10
140.jpg 1 2 3 4 5 6 7 8 9 10
141.jpg 1 2 3 4 5 6 7 8 9 10
142.jpg 1 2 3 4 5 6 7 8 9 10
143.jpg 1 2 3 4 5 6 7 8 9 10
144.jpg 1 2 3 4 5 6 7 8 9 10
145.jpg 1 2 3 4 5 6 7 8 9 10
146.jpg 1 2 3 4 5 6 7 8 9 10
147.jpg 1 2 3 4 5 6 7 8 9 10
148.jpg 1 2 3 4 5 6 7 8 9 10
149.jpg 1 2 3 4 5 6 7 8 9 10
150.jpg 1 2 3 4 5 6 7 8 9 10
151.jpg 1 2 3 4 5 6 7 8 9 10
152.jpg 1 2 3 4 5 6 7 8 9 10
153.jpg 1 2 3 4 5 6 7 8 9 10
154.jpg 1 2 3 4 5 6 7 8 9 10
155.jpg 1 2 3 4 5 6 7 8 9 10
156.jpg 1 2 3 4 5 6 7 8 9 10
157.jpg 1 2 3 4 5 6 7 8 9 10
158.jpg 1 2 3 4 5 6 7 8 9 10
159.jpg 1 2 3 4 5 6 7 8 9 10
160.jpg 1 2 3 4 5 6 7 8 9 10
161.jpg 1 2 3 4 5 6 7 8 9 10
162.jpg 1 2 3 4 5 6 7 8 9 10
163.jpg 1 2 3 4 5 6 7 8 9 10
164.jpg 1 2 3 4 5 6 7 8 9 10
165.jpg 1 2 3 4 5 6 7 8 9 10
166.jpg 1 2 3 4 5 6 7 8 9 10
167.jpg 1 2 3 4 5 6 7 8 9 10
168.jpg 1 2 3 4 5 6 7 8 9 10
169.jpg 1 2 3 4 5 6 7 8 9 10
170.jpg 1 2 3 4 5 6 7 8 9 10
171.jpg 1 2 3 4 5 6 7 8 9 10
172.jpg 1 2 3 4 5 6 7 8 9 10
173.jpg 1 2 3 4 5 6 7 8 9 10
174.jpg 1 2 3 4 5 6 7 8 9 10
175.jpg 1 2 3 4 5 6 7 8 9 10
176.jpg 1 2 3 4 5 6 7 8 9 10
177.jpg 1 2 3 4 5 6 7 8 9 10
178.jpg 1 2 3 4 5 6 7 8 9 10
179.jpg 1 2 3 4 5 6 7 8 9 10
180.jpg 1 2 3 4 5 6 7 8 9 10
181.jpg 1 2 3 4 5 6 7 8 9 10
182.jpg 1 2 3 4 5 6 7 8 9 10
183.jpg 1 2 3 4 5 6 7 8 9 10
184.jpg 1 2 3 4 5 6 7 8 9 10
185.jpg 1 2 3 4 5 6 7 8 9 10
186.jpg 1 2 3 4 5 6 7 8 9 10
187.jpg 1 2 3 4 5 6 7 8 9 10
188.jpg 1 2 3 4 5 6 7 8 9 10
189.jpg 1 2 3 4 5 6 7 8 9 10
190.jpg 1 2 3 4 5 6 7 8 9 10
191.jpg 1 2 3 4 5 6 7 8 9 10
192.jpg 1 2 3 4 5 6 7 8 9 10
193.jpg 1 2 3 4 5 6 7 8 9 10
194.jpg 1 2 3 4 5 6 7 8 9 10
195.jpg 1 2 3 4 5 6 7 8 9 10
196.jpg 1 2 3 4 5 6 7 8 9 10
197.jpg 1 2 3 4 5 6 7 8 9 10
198.jpg 1 2 3 4 5 6 7 8 9 10
199.jpg 1 2 3 4 5 6 7 8 9 10
200.jpg 1 2 3 4 5 6 7 8 9 10
201.jpg 1 2 3 4 5 6 7 8 9 10
202.jpg 1 2 3 4 5 6 7 8 9 10
203.jpg 1 2 3 4 5 6 7 8 9 10
204.jpg 1 2 3 4 5 6 7 8 9 10
205.jpg 1 2 3 4 5 6 7 8 9 10
206.jpg 1 2 3 4 5 6 7 8 9 10
207.jpg 1 2 3 4 5 6 7 8 9 10
208.jpg 1 2 3 4 5 6 7 8 9 10
209.jpg 1 2 3 4 5 6 7 8 9 10
210.jpg 1 2 3 4 5 6 7 8 9 10
211.jpg 1 2 3 4 5 6 7 8 9 10
212.jpg 1 2 3 4 5 6 7 8 9 10
213.jpg 1 2 3 4 5 6 7 8 9 10
214.jpg 1 2 3 4 5 6 7 8 9 10
215.jpg 1 2 3 4 5 6 7 8 9 10
216.jpg 1 2 3 4 5 6 7 8 9 10
217.jpg 1 2 3 4 5 6 7 8 9 10
218.jpg 1 2 3 4 5 6 7 8 9 10
219.jpg 1 2 3 4 5 6 7 8 9 10
220.jpg 1 2 3 4 5 6 7 8 9 10
221.jpg 1 2 3 4 5 6 7 8 9 10
222.jpg 1 2 3 4 5 6 7 8 9 10
223.jpg 1 2 3 4 5 6 7 8 9 10
224.jpg 1 2 3 4 5 6 7 8 9 10
225.jpg 1 2 3 4 5 6 7 8 9 10
226.jpg 1 2 3 4 5 6 7 8 9 10
227.jpg 1 2 3 4 5 6 7 8 9 10
228.jpg 1 2 3 4 5 6 7 8 9 10
229.jpg 1 2 3 4 5 6 7 8 9 10
230.jpg 1 2 3 4 5 6 7 8 9 10
231.jpg 1 2 3 4 5 6 7 8 9 10
232.jpg 1 2 3 4 5 6 7 8 9 10
233.jpg 1 2 3 4 5 6 7 8 9 10
234.jpg 1 2 3 4 5 6 7 8 9 10
235.jpg 1 2 3 4 5 6 7 8 9 10
236.jpg 1 2 3 4 5 6 7 8 9 10
237.jpg 1 2 3 4 5 6 7 8 9 10
238.jpg 1 2 3 4 5 6 7 8 9 10
239.jpg 1 2 3 4 5 6 7 8 9 10
240.jpg 1 2 3 4 5 6 7 8 9 10
241.jpg 1 2 3 4 5 6 7 8 9 10
242.jpg 1 2 3 4 5 6 7 8 9 10
243.jpg 1 2 3 4 5 6 7 8 9 10
244.jpg 1 2 3 4 5 6 7 8 9 10
245.jpg 1 2 3 4 5 6 7 8 9 10
246.jpg 1 2 3 4 5 6 7 8 9 10
247.jpg 1 2 3 4 5 6 7 8 9 10
248.jpg 1 2 3 4 5 6 7 8 9 10
249.jpg 1 2 3 4 5 6 7 8 9 10
250.jpg 1 2 3 4 5 6 7 8 9 10
251.jpg 1 2 3 4 5 6 7 8 9 10
252.jpg 1 2 3 4 5 6 7 8 9 10
253.jpg 1 2 3 4 5 6 7 8 9 10
254.jpg 1 2 3 4 5 6 7 8 9 10
255.jpg 1 2 3 4 5 6 7 8 9 10
256.jpg 1 2 3 4 5 6 7 8 9 10
257.jpg 1 2 3 4 5 6 7 8 9 10
258.jpg 1 2 3 4 5 6 7 8 9 10
259.jpg 1 2 3 4 5 6 7 8 9 10
260.jpg 1 2 3 4 5 6 7 8 9 10
261.jpg 1 2 3 4 5 6 7 8 9 10
262.jpg 1 2 3 4 5 6 7 8 9 10
263.jpg 1 2 3 4 5 6 7 8 9 10
264.jpg 1 2 3 4 5 6 7 8 9 10
265.jpg 1 2 3 4 5 6 7 8 9 10
266.jpg 1 2 3 4 5 6 7 8 9 10
267.jpg 1 2 3 4 5 6 7 8 9 10
268.jpg 1 2 3 4 5 6 7 8 9 10
269.jpg 1 2 3 4 5 6 7 8 9 10
270.jpg 1 2 3 4 5 6 7 8 9 10
271.jpg 1 2 3 4 5 6 7 8 9 10
272.jpg 1 2 3 4 5 6 7 8 9 10
273.jpg 1 2 3 4 5 6 7 8 9 10
274.jpg 1 2 3 4 5 6 7 8 9 10
275.jpg 1 2 3 4 5 6 7 8 9 10
276.jpg 1 2 3 4 5 6 7 8 9 10
277.jpg 1 2 3 4 5 6 7 8 9 10
278.jpg 1 2 3 4 5 6 7 8 9 10
279.jpg 1 2 3 4 5 6 7 8 9 10
280.jpg 1 2 3 4 5 6 7 8 9 10
281.jpg 1 2 3 4 5 6 7 8 9 10
282.jpg 1 2 3 4 5 6 7 8 9 10
283.jpg 1 2 3 4 5 6 7 8 9 10
284.jpg 1 2 3 4 5 6 7 8 9 10
285.jpg 1 2 3 4 5 6 7 8 9 10
286.jpg 1 2 3 4 5 6 7 8 9 10
287.jpg 1 2 3 4 5 6 7 8 9 10
288.jpg 1 2 3 4 5 6 7 8 9 10
289.jpg 1 2 3 4 5 6 7 8 9 10
290.jpg 1 2 3 4 5 6 7 8 9 10
291.jpg 1 2 3 4 5 6 7 8 9 10
292.jpg 1 2 3 4 5 6 7 8 9 10
293.jpg 1 2 3 4 5 6 7 8 9 10
294.jpg 1 2 3 4 5 6 7 8 9 10
295.jpg 1 2 3 4 5 6 7 8 9 10
296.jpg 1 2 3 4 5 6 7 8 9 10
297.jpg 1 2 3 4 5 6 7 8 9 10
298.jpg 1 2 3 4 5 6 7 8 9 10
299.jpg 1 2 3 4 5 6 7 8 9 10
300.jpg 1 2 3 4 5 6 7 8 9 10
301.jpg 1 2 3 4 5 6 7 8 9 10
302.jpg 1 2 3 4 5 6 7 8 9 10
303.jpg 1 2 3 4 5 6 7 8 9 10
304.jpg 1 2 3 4 5 6 7 8 9 10
305.jpg 1 2 3 4 5 6 7 8 9 10
306.jpg 1 2 3 4 5 6 7 8 9 10
307.jpg 1 2 3 4 5 6 7 8 9 10
308.jpg 1 2 3 4 5 6 7 8 9 10
309.jpg 1 2 3 4 5 6 7 8 9 10
310.jpg 1 2 3 4 5 6 7 8 9 10
311.jpg 1 2 3 4 5 6 7 8 9 10
312.jpg 1 2 3 4 5 6 7 8 9 10
313.jpg 1 2 3 4 5 6 7 8 9 10
314.jpg 1 2 3 4 5 6 7 8 9 10
315.jpg 1 2 3 4 5 6 7 8 9 10
316.jpg 1 2 3 4 5 6 7 8 9 10
317.jpg 1 2 3 4 5 6 7 8 9 10
318.jpg 1 2 3 4 5 6 7 8 9 10
319.jpg 1 2 3 4 5 6 7 8 9 10
320.jpg 1 2 3 4 5 6 7 8 9 10
321.jpg 1 2 3 4 5 6 7 8 9 10
322.jpg 1 2 3 4 5 6 7 8 9 10
323.jpg 1 2 3 4 5 6 7 8 9 10
324.jpg 1 2 3 4 5 6 7 8 9 10
325.jpg 1 2 3 4 5 6 7 8 9 10
326.jpg 1 2 3 4 5 6 7 8 9 10
327.jpg 1 2 3 4 5 6 7 8 9 10
328.jpg 1 2 3 4 5 6 7 8 9 10
329.jpg 1 2 3 4 5 6 7 8 9 10
330.jpg 1 2 3 4 5 6 7 8 9 10
331.jpg 1 2 3 4 5 6 7 8 9 10
332.jpg 1 2 3 4 5 6 7 8 9 10
333.jpg 1 2 3 4 5 6 7 8 9 10
334.jpg 1 2 3 4 5 6 7 8 9 10
335.jpg 1 2 3 4 5 6 7 8 9 10
336.jpg 1 2 3 4 5 6 7 8 9 10
337.jpg 1 2 3 4 5 6 7 8 9 10
338.jpg 1 2 3 4 5 6 7 8 9 10
339.jpg 1 2 3 4 5 6 7 8 9 10
340.jpg 1 2 3 4 5 6 7 8 9 10
341.jpg 1 2 3 4 5 6 7 8 9 10
342.jpg 1 2 3 4 5 6 7 8 9 10
343.jpg 1 2 3 4 5 6 7 8 9 10
344.jpg 1 2 3 4 5 6 7 8 9 10
345.jpg 1 2 3 4 5 6 7 8 9 10
346.jpg 1 2 3 4 5 6 7 8 9 10
347.jpg 1 2 3 4 5 6 7 8 9 10
348.jpg 1 2 3 4 5 6 7 8 9 10
349.jpg 1 2 3 4 5 6 7 8 9 10
350.jpg 1 2 3 4 5 6 7 8 9 10
351.jpg 1 2 3 4 5 6 7 8 9 10
352.jpg 1 2 3 4 5 6 7 8 9 10
353.jpg 1 2 3 4 5 6 7 8 9 10
354.jpg 1 2 3 4 5 6 7 8 9 10
355.jpg 1 2 3 4 5 6 7 8 9 10
356.jpg 1 2 3 4 5 6 7 8 9 10
357.jpg 1 2 3 4 5 6 7 8 9 10
358.jpg 1 2 3 4 5 6 7 8 9 10
359.jpg 1 2 3 4 5 6 7 8 9 10
360.jpg 1 2 3 4 5 6 7 8 9 10
361.jpg 1 2 3 4 5 6 7 8 9 10
362.jpg 1 2 3 4 5 6 7 8 9 10
363.jpg 1 2 3 4 5 6 7 8 9 10
364.jpg 1 2 3 4 5 6 7 8 9 10
365.jpg 1 2 3 4 5 6 7 8 9 10
366.jpg 1 2 3 4 5 6 7 8 9 10
367.jpg 1 2 3 4 5 6 7 8 9 10
368.jpg 1 2 3 4 5 6 7 8 9 10
369.jpg 1 2 3 4 5 6 7 8 9 10
370.jpg 1 2 3 4 5 6 7 8 9 10
371.jpg 1 2 3 4 5 6 7 8 9 10
372.jpg 1 2 3 4 5 6 7 8 9 10
373.jpg 1 2 3 4 5 6 7 8 9 10
374.jpg 1 2 3 4 5 6 7 8 9 10
375.jpg 1 2 3 4 5 6 7 8 9 10
376.jpg 1 2 3 4 5 6 7 8 9 10
377.jpg 1 2 3 4 5 6 7 8 9 10
378.jpg 1 2 3 4 5 6 7 8 9 10
379.jpg 1 2 3 4 5 6 7 8 9 10
380.jpg 1 2 3 4 5 6 7 8 9 10
381.jpg 1 2 3 4 5 6 7 8 9 10
382.jpg 1 2 3 4 5 6 7 8 9 10
383.jpg 1 2 3 4 5 6 7 8 9 10
384.jpg 1 2 3 4 5 6 7 8 9 10
385.jpg 1 2 3 4 5 6 7 8 9 10
386.jpg 1 2 3 4 5 6 7 8 9 10
387.jpg 1 2 3 4 5 6 7 8 9 10
388.jpg 1 2 3 4 5 6 7 8 9 10
389.jpg 1 2 3 4 5 6 7 8 9 10
390.jpg 1 2 3 4 5 6 7 8 9 10
391.jpg 1 2 3 4 5 6 7 8 9 10
392.jpg 1 2 3 4 5 6 7 8 9 10
393.jpg 1 2 3 4 5 6 7 8 9 10
394.jpg 1 2 3 4 5 6 7 8 9 10
395.jpg 1 2 3 4 5 6 7 8 9 10
396.jpg 1 2 3 4 5 6 7 8 9 10
397.jpg 1 2 3 4 5 6 7 8 9 10
398.jpg 1 2 3 4 5 6 7 8 9 10
399.jpg 1 2 3 4 5 6 7 8 9 10
400.jpg 1 2 3 4 5 6 7 8 9 10
401.jpg 1 2 3 4 5 6 7 8 9 10
402.jpg 1 2 3 4 5 6 7 8 9 10
403.jpg 1 2 3 4 5 6 7 8 9 10
404.jpg 1 2 3 4 5 6 7 8 9 10
405.jpg 1 2 3 4 5 6 7 8 9 10
406.jpg 1 2 3 4 5 6 7 8 9 10
407.jpg 1 2 3 4 5 6 7 8 9 10
408.jpg 1 2 3 4 5 6 7 8 9 10
409.jpg 1 2 3 4 5 6 7 8 9 10
410.jpg 1 2 3 4 5 6 7 8 9 10
411.jpg 1 2 3 4 5 6 7 8 9 10
412.jpg 1 2 3 4 5 6 7 8 9 10
413.jpg 1 2 3 4 5 6 7 8 9 10
414.jpg 1 2 3 4 5 6 7 8 9 10
415.jpg 1 2 3 4 5 6 7 8 9 10
416.jpg 1 2 3 4 5 6 7 8 9 10
417.jpg 1 2 3 4 5 6 7 8 9 10
418.jpg 1 2 3 4 5 6 7 8 9 10
419.jpg 1 2 3 4 5 6 7 8 9 10
420.jpg 1 2 3 4 5 6 7 8 9 10
421.jpg 1 2 3 4 5 6 7 8 9 10
422.jpg 1 2 3 4 5 6 7 8 9 10
423.jpg 1 2 3 4 5 6 7 8 9 10
424.jpg 1 2 3 4 5 6 7 8 9 10
425.jpg 1 2 3 4 5 6 7 8 9 10
426.jpg 1 2 3 4 5 6 7 8 9 10
427.jpg 1 2 3 4 5 6 7 8 9 10
428.jpg 1 2 3 4 5 6 7 8 9 10
429.jpg 1 2 3 4 5 6 7 8 9 10
430.jpg 1 2 3 4 5 6 7 8 9 10
431.jpg 1 2 3 4 5 6 7 8 9 10
432.jpg 1 2 3 4 5 6 7 8 9 10
433.jpg 1 2 3 4 5 6 7 8 9 10
434.jpg 1 2 3 4 5 6 7 8 9 10
435.jpg 1 2 3 4 5 6 7 8 9 10
436.jpg 1 2 3 4 5 6 7 8 9 10
437.jpg 1 2 3 4 5 6 7 8 9 10
438.jpg 1 2 3 4 5 6 7 8 9 10
439.jpg 1 2 3 4 5 6 7 8 9 10
440.jpg 1 2 3 4 5 6 7 8 9 10
441.jpg 1 2 3 4 5 6 7 8 9 10
442.jpg 1 2 3 4 5 6 7 8 9 10
443.jpg 1 2 3 4 5 6 7 8 9 10
444.jpg 1 2 3 4 5 6 7 8 9 10
445.jpg 1 2 3 4 5 6 7 8 9 10
446.jpg 1 2 3 4 5 6 7 8 9 10
447.jpg 1 2 3 4 5 6 7 8 9 10
448.jpg 1 2 3 4 5 6 7 8 9 10
449.jpg 1 2 3 4 5 6 7 8 9 10
450.jpg 1 2 3 4 5 6 7 8 9 10
451.jpg 1 2 3 4 5 6 7 8 9 10
452.jpg 1 2 3 4 5 6 7 8 9 10
453.jpg 1 2 3 4 5 6 7 8 9 10
454.jpg 1 2 3 4 5 6 7 8 9 10
455.jpg 1 2 3 4 5 6 7 8 9 10
456.jpg 1 2 3 4 5 6 7 8 9 10
457.jpg 1 2 3 4 5 6 7 8 9 10
458.jpg 1 2 3 4 5 6 7 8 9 10
459.jpg 1 2 3 4 5 6 7 8 9 10
460.jpg 1 2 3 4 5 6 7 8 9 10
461.jpg 1 2 3 4 5 6 7 8 9 10
462.jpg 1 2 3 4 5 6 7 8 9 10
463.jpg 1 2 3 4 5 6 7 8 9 10
464.jpg 1 2 3 4 5 6 7 8 9 10
465.jpg 1 2 3 4 5 6 7 8 9 10
466.jpg 1 2 3 4 5 6 7 8 9 10
467.jpg 1 2 3 4 5 6 7 8 9 10
468.jpg 1 2 3 4 5 6 7 8 9 10
469.jpg 1 2 3 4 5 6 7 8 9 10
470.jpg 1 2 3 4 5 6 7 8 9 10
471.jpg 1 2 3 4 5 6 7 8 9 10
472.jpg 1 2 3 4 5 6 7 8 9 10
473.jpg 1 2 3 4 5 6 7 8 9 10
474.jpg 1 2 3 4 5 6 7 8 9 10
475.jpg 1 2 3 4 5 6 7 8 9 10
476.jpg 1 2 3 4 5 6 7 8 9 10
477.jpg 1 2 3 4 5 6 7 8 9 10
478.jpg 1 2 3 4 5 6 7 8 9 10
479.jpg 1 2 3 4 5 6 7 8 9 10
480.jpg 1 2 3 4 5 6 7 8 9 10
481.jpg 1 2 3 4 5 6 7 8 9 10
482.jpg 1 2 3 4 5 6 7 8 9 10
483.jpg 1 2 3 4 5 6 7 8 9 10
484.jpg 1 2 3 4 5 6 7 8 9 10
485.jpg 1 2 3 4 5 6 7 8 9 10
486.jpg 1 2 3 4 5 6 7 8 9 10
487.jpg 1 2 3 4 5 6 7 8 9 10
488.jpg 1 2 3 4 5 6 7 8 9 10
489.jpg 1 2 3 4 5 6 7 8 9 10
490.jpg 1 2 3 4 5 6 7 8 9 10
491.jpg 1 2 3 4 5 6 7 8 9 10
492.jpg 1 2 3 4 5 6 7 8 9 10
493.jpg 1 2 3 4 5 6 7 8 9 10
494.jpg 1 2 3 4 5 6 7 8 9 10
495.jpg 1 2 3 4 5 6 7 8 9 10
496.jpg 1 2 3 4 5 6 7 8 9 10
497.jpg 1 2 3 4 5 6 7 8 9 10
498.jpg 1 2 3 4 5 6 7 8 9 10
499.jpg 1 2 3 4 5 6 7 8 9 10
500.jpg 1 2 3 4 5 6 7 8 9 10
